Clusters 
[[0], [0], [0]]
[[1], [0], [0]]
[[2], [0], [0]]
[[0, 0], [3.01496], [0]]
[[0, 1], [3.01496], [0]]
[[0, 2], [3.01496], [0]]
[[1, 1], [3.01496], [0]]
[[1, 2], [3.01496], [0]]
[[2, 2], [3.01496], [0]]
[[0, 0], [3.08514], [0]]
[[0, 1], [3.08514], [0]]
[[0, 2], [3.08514], [0]]
[[1, 1], [3.08514], [0]]
[[1, 2], [3.08514], [0]]
[[2, 2], [3.08514], [0]]
[[0, 0], [5.221872979815292], [0]]
[[0, 1], [5.221872979815292], [0]]
[[0, 2], [5.221872979815292], [0]]
[[1, 1], [5.221872979815292], [0]]
[[1, 2], [5.221872979815292], [0]]
[[2, 2], [5.221872979815292], [0]]
Counts
\host, [108, 54, 54], -4.256364667222222, [0.5, 0.25, 0.25, 0.0, 1.8333333333333333, 0.0, 0.0, 0.0, 0.0, 0.0, 0.0, 1.6666666666666667, 0.0, 0.0, 0.0, 0.0, 0.9166666666666666, 0.32407407407407407, 0.0, 0.0, 0.0]
\Pb0, [109, 53, 54], -4.2389564316203705, [0.5046296296296297, 0.24537037037037038, 0.25, 0.0, 1.6944444444444444, 0.027777777777777776, 0.0, 0.0, 0.0, 0.027777777777777776, 0.1111111111111111, 1.6111111111111112, 0.0, 0.0, 0.0, 0.0, 0.9166666666666666, 0.32407407407407407, 0.0, 0.0, 0.0]
\S0, [107, 55, 54], -4.241023580601852, [0.49537037037037035, 0.25462962962962965, 0.25, 0.0, 1.75, 0.0, 0.0, 0.0, 0.0, 0.0, 0.05555555555555555, 1.6111111111111112, 0.0, 0.0, 0.0, 0.0, 0.7870370370370371, 0.2962962962962963, 0.0, 0.0, 0.0]
\V0, [107, 54, 54], -4.251608234837209, [0.49767441860465117, 0.25116279069767444, 0.25116279069767444, 0.0, 1.6465116279069767, 0.13953488372093023, 0.0, 0.0, 0.0, 0.0, 0.33488372093023255, 1.6186046511627907, 0.0, 0.0, 0.0, 0.0, 0.7255813953488373, 0.32558139534883723, 0.0, 0.0, 0.0]
\V1, [107, 54, 54], -4.251645756093024, [0.49767441860465117, 0.25116279069767444, 0.25116279069767444, 0.0, 1.7023255813953488, 0.16744186046511628, 0.0, 0.0, 0.0, 0.0, 0.22325581395348837, 1.5069767441860464, 0.0, 0.0, 0.0, 0.0, 0.6883720930232559, 0.31627906976744186, 0.0, 0.0, 0.0]
\V2, [107, 54, 54], -4.251696424651163, [0.49767441860465117, 0.25116279069767444, 0.25116279069767444, 0.0, 1.786046511627907, 0.11162790697674418, 0.0, 0.0, 0.0, 0.0, 0.22325581395348837, 1.5627906976744186, 0.0, 0.0, 0.0, 0.0, 0.8093023255813954, 0.35348837209302325, 0.0, 0.0, 0.0]
\V3, [108, 53, 54], -4.247900033302326, [0.5023255813953489, 0.24651162790697675, 0.25116279069767444, 0.0, 1.758139534883721, 0.08372093023255814, 0.0, 0.0, 0.0, 0.0, 0.08372093023255814, 1.5627906976744186, 0.0, 0.0, 0.0, 0.0, 0.7255813953488373, 0.32558139534883723, 0.0, 0.0, 0.0]
\V4, [108, 54, 53], -4.250384952558139, [0.5023255813953489, 0.25116279069767444, 0.24651162790697675, 0.0, 1.7023255813953488, 0.027906976744186046, 0.0, 0.0, 0.0, 0.0, 0.11162790697674418, 1.6186046511627907, 0.0, 0.0, 0.0, 0.0, 0.9488372093023256, 0.26976744186046514, 0.0, 0.0, 0.0]
