Data set fit summery 

Clusters:  [[species],[distance],[chem (0) / spin (1)]]
[[0], [0], [0]]
[[1], [0], [0]]
[[2], [0], [0]]
[[0, 0], [3.01496], [0]]
[[0, 1], [3.01496], [0]]
[[0, 2], [3.01496], [0]]
[[1, 1], [3.01496], [0]]
[[1, 2], [3.01496], [0]]
[[2, 2], [3.01496], [0]]
[[0, 0], [3.08514], [0]]
[[0, 1], [3.08514], [0]]
[[0, 2], [3.08514], [0]]
[[1, 1], [3.08514], [0]]
[[1, 2], [3.08514], [0]]
[[2, 2], [3.08514], [0]]
[[0, 0], [5.221872979815292], [0]]
[[0, 1], [5.221872979815292], [0]]
[[0, 2], [5.221872979815292], [0]]
[[1, 1], [5.221872979815292], [0]]
[[1, 2], [5.221872979815292], [0]]
[[2, 2], [5.221872979815292], [0]]


Name : Composition : Energy per Atom (eV) : Cluster Count per Atom
\host : [108, 54, 54] : -4.256364667222222 : [0.5, 0.25, 0.25, 0.0, 1.8333333333333333, 0.0, 0.0, 0.0, 0.0, 0.0, 0.0, 1.6666666666666667, 0.0, 0.0, 0.0, 0.0, 0.9166666666666666, 0.32407407407407407, 0.0, 0.0, 0.0]
\Pb0 : [109, 53, 54] : -4.2389564316203705 : [0.5046296296296297, 0.24537037037037038, 0.25, 0.0, 1.6944444444444444, 0.027777777777777776, 0.0, 0.0, 0.0, 0.027777777777777776, 0.1111111111111111, 1.6111111111111112, 0.0, 0.0, 0.0, 0.0, 0.9166666666666666, 0.32407407407407407, 0.0, 0.0, 0.0]
\S0 : [107, 55, 54] : -4.241023580601852 : [0.49537037037037035, 0.25462962962962965, 0.25, 0.0, 1.75, 0.0, 0.0, 0.0, 0.0, 0.0, 0.05555555555555555, 1.6111111111111112, 0.0, 0.0, 0.0, 0.0, 0.7870370370370371, 0.2962962962962963, 0.0, 0.0, 0.0]
\V0 : [107, 54, 54] : -4.251608234837209 : [0.49767441860465117, 0.25116279069767444, 0.25116279069767444, 0.0, 1.6465116279069767, 0.13953488372093023, 0.0, 0.0, 0.0, 0.0, 0.33488372093023255, 1.6186046511627907, 0.0, 0.0, 0.0, 0.0, 0.7255813953488373, 0.32558139534883723, 0.0, 0.0, 0.0]
\V1 : [107, 54, 54] : -4.251645756093024 : [0.49767441860465117, 0.25116279069767444, 0.25116279069767444, 0.0, 1.7023255813953488, 0.16744186046511628, 0.0, 0.0, 0.0, 0.0, 0.22325581395348837, 1.5069767441860464, 0.0, 0.0, 0.0, 0.0, 0.6883720930232559, 0.31627906976744186, 0.0, 0.0, 0.0]
\V2 : [107, 54, 54] : -4.251696424651163 : [0.49767441860465117, 0.25116279069767444, 0.25116279069767444, 0.0, 1.786046511627907, 0.11162790697674418, 0.0, 0.0, 0.0, 0.0, 0.22325581395348837, 1.5627906976744186, 0.0, 0.0, 0.0, 0.0, 0.8093023255813954, 0.35348837209302325, 0.0, 0.0, 0.0]
\V3 : [108, 53, 54] : -4.247900033302326 : [0.5023255813953489, 0.24651162790697675, 0.25116279069767444, 0.0, 1.758139534883721, 0.08372093023255814, 0.0, 0.0, 0.0, 0.0, 0.08372093023255814, 1.5627906976744186, 0.0, 0.0, 0.0, 0.0, 0.7255813953488373, 0.32558139534883723, 0.0, 0.0, 0.0]
\V4 : [108, 54, 53] : -4.250384952558139 : [0.5023255813953489, 0.25116279069767444, 0.24651162790697675, 0.0, 1.7023255813953488, 0.027906976744186046, 0.0, 0.0, 0.0, 0.0, 0.11162790697674418, 1.6186046511627907, 0.0, 0.0, 0.0, 0.0, 0.9488372093023256, 0.26976744186046514, 0.0, 0.0, 0.0]


Without normalization:
Name : Composition : Energy per Atom (eV) : Cluster Counts
\host : [108, 54, 54] : -919.37476812 : [108.0, 54.0, 54.0, 0.0, 396.0, 0.0, 0.0, 0.0, 0.0, 0.0, 0.0, 360.0, 0.0, 0.0, 0.0, 0.0, 198.0, 70.0, 0.0, 0.0, 0.0]
\Pb0 : [109, 53, 54] : -915.61458923 : [109.0, 53.0, 54.0, 0.0, 366.0, 6.0, 0.0, 0.0, 0.0, 6.0, 24.0, 348.0, 0.0, 0.0, 0.0, 0.0, 198.0, 70.0, 0.0, 0.0, 0.0]
\S0 : [107, 55, 54] : -916.06109341 : [107.0, 55.00000000000001, 54.0, 0.0, 378.0, 0.0, 0.0, 0.0, 0.0, 0.0, 12.0, 348.0, 0.0, 0.0, 0.0, 0.0, 170.0, 64.0, 0.0, 0.0, 0.0]
\V0 : [107, 54, 54] : -914.09577049 : [107.0, 54.00000000000001, 54.00000000000001, 0.0, 354.0, 30.0, 0.0, 0.0, 0.0, 0.0, 72.0, 348.0, 0.0, 0.0, 0.0, 0.0, 156.0, 70.0, 0.0, 0.0, 0.0]
\V1 : [107, 54, 54] : -914.1038375600001 : [107.0, 54.00000000000001, 54.00000000000001, 0.0, 366.0, 36.0, 0.0, 0.0, 0.0, 0.0, 48.0, 324.0, 0.0, 0.0, 0.0, 0.0, 148.0, 68.0, 0.0, 0.0, 0.0]
\V2 : [107, 54, 54] : -914.1147313 : [107.0, 54.00000000000001, 54.00000000000001, 0.0, 384.0, 24.0, 0.0, 0.0, 0.0, 0.0, 48.0, 336.0, 0.0, 0.0, 0.0, 0.0, 174.0, 76.0, 0.0, 0.0, 0.0]
\V3 : [108, 53, 54] : -913.2985071600001 : [108.00000000000001, 53.0, 54.00000000000001, 0.0, 378.0, 18.0, 0.0, 0.0, 0.0, 0.0, 18.0, 336.0, 0.0, 0.0, 0.0, 0.0, 156.0, 70.0, 0.0, 0.0, 0.0]
\V4 : [108, 54, 53] : -913.8327648 : [108.00000000000001, 54.00000000000001, 53.0, 0.0, 366.0, 6.0, 0.0, 0.0, 0.0, 0.0, 24.0, 348.0, 0.0, 0.0, 0.0, 0.0, 204.0, 58.00000000000001, 0.0, 0.0, 0.0]


#### LASSO #### 
k-folds cross validation
rmse of fit:0.068667
alpha: 0.002225
avg rmse:  0.0817
score: -154.7424
non-zero coefficient:  3.0000
Intercept: 0.0

 Clusters 
[0]:[0]:0:-0.0
[1]:[0]:0:-0.0
[2]:[0]:0:-0.0
[0, 0]:[3.01496]:0:0.0
[0, 1]:[3.01496]:0:-1.3732010594116864
[0, 2]:[3.01496]:0:-0.0
[1, 1]:[3.01496]:0:0.0
[1, 2]:[3.01496]:0:0.0
[2, 2]:[3.01496]:0:0.0
[0, 0]:[3.08514]:0:-0.0
[0, 1]:[3.08514]:0:-0.5463666983561161
[0, 2]:[3.08514]:0:-1.1202851689886322
[1, 1]:[3.08514]:0:0.0
[1, 2]:[3.08514]:0:0.0
[2, 2]:[3.08514]:0:0.0
[0, 0]:[5.221872979815292]:0:0.0
[0, 1]:[5.221872979815292]:0:0.0
[0, 2]:[5.221872979815292]:0:-0.0
[1, 1]:[5.221872979815292]:0:0.0
[1, 2]:[5.221872979815292]:0:0.0
[2, 2]:[5.221872979815292]:0:0.0


### RIDGE ### 
k-folds cross validation
rmse of fit: 0.000000
alpha: 0.000000
avg rmse:  1.7780
score:  1.0000
non-zero coefficient: 10.0000

 Clusters
[0]:[0]:0:-4.237461529539185
[1]:[0]:0:-1.6098484262141493
[2]:[0]:0:-1.785701837842402
[0, 0]:[3.01496]:0:0.0
[0, 1]:[3.01496]:0:-0.7567619814654172
[0, 2]:[3.01496]:0:-0.17008246384954634
[1, 1]:[3.01496]:0:0.0
[1, 2]:[3.01496]:0:0.0
[2, 2]:[3.01496]:0:0.0
[0, 0]:[3.08514]:0:-1.9450054703066864
[0, 1]:[3.08514]:0:-0.29706040944701345
[0, 2]:[3.08514]:0:-0.2920762358179712
[1, 1]:[3.08514]:0:0.0
[1, 2]:[3.08514]:0:0.0
[2, 2]:[3.08514]:0:0.0
[0, 0]:[5.221872979815292]:0:0.0
[0, 1]:[5.221872979815292]:0:0.1846799158381602
[0, 2]:[5.221872979815292]:0:1.284133631590739
[1, 1]:[5.221872979815292]:0:0.0
[1, 2]:[5.221872979815292]:0:0.0
[2, 2]:[5.221872979815292]:0:0.0

 #### Lin Reg #### 
No cross validation
rmse of fit  0.0000
Intercept:  0.0000

Clusters
[0]:[0]:0:-4.237462760428763
[1]:[0]:0:-1.6098481144084003
[2]:[0]:0:-1.7857019827174538
[0, 0]:[3.01496]:0:-1.3322676295501878e-15
[0, 1]:[3.01496]:0:-0.7567619115520602
[0, 2]:[3.01496]:0:-0.17008209674885696
[1, 1]:[3.01496]:0:2.220446049250313e-16
[1, 2]:[3.01496]:0:0.0
[2, 2]:[3.01496]:0:0.0
[0, 0]:[3.08514]:0:-1.945005114380519
[0, 1]:[3.08514]:0:-0.29706050302624515
[0, 2]:[3.08514]:0:-0.2920759607388289
[1, 1]:[3.08514]:0:0.0
[1, 2]:[3.08514]:0:0.0
[2, 2]:[3.08514]:0:0.0
[0, 0]:[5.221872979815292]:0:0.0
[0, 1]:[5.221872979815292]:0:0.18467994819343486
[0, 2]:[5.221872979815292]:0:1.2841335478484672
[1, 1]:[5.221872979815292]:0:0.0
[1, 2]:[5.221872979815292]:0:0.0
[2, 2]:[5.221872979815292]:0:0.0

